100 100
400
-15 38 0 0 1
5 -45 0 0 1
-21 0 0 0 1
16 -19 0 0 1
-29 -22 0 0 1
-12 36 0 0 1
38 36 0 0 1
10 -11 0 0 1
-44 22 0 0 1
22 -42 0 0 1
-1 8 0 0 1
30 44 0 0 1
26 -38 0 0 1
7 9 0 0 1
31 36 0 0 1
28 -4 0 0 1
8 -2 0 0 1
41 -48 0 0 1
9 11 0 0 1
-20 8 0 0 1
49 27 0 0 1
-39 -9 0 0 1
-6 -25 0 0 1
-27 -41 0 0 1
-7 2 0 0 1
17 1 0 0 1
-11 -8 0 0 1
37 -6 0 0 1
44 7 0 0 1
16 43 0 0 1
24 -37 0 0 1
26 -39 0 0 1
0 -32 0 0 1
16 -33 0 0 1
-28 -5 0 0 1
-39 22 0 0 1
-34 -21 0 0 1
-25 20 0 0 1
5 42 0 0 1
39 32 0 0 1
26 -14 0 0 1
-36 3 0 0 1
16 28 0 0 1
28 -28 0 0 1
-17 17 0 0 1
-49 8 0 0 1
32 28 0 0 1
-34 -30 0 0 1
38 -7 0 0 1
47 45 0 0 1
-6 -35 0 0 1
42 -1 0 0 1
16 10 0 0 1
17 -17 0 0 1
49 15 0 0 1
46 -8 0 0 1
-19 35 0 0 1
-36 -12 0 0 1
-22 -37 0 0 1
-4 -10 0 0 1
-45 -21 0 0 1
7 -2 0 0 1
-43 -23 0 0 1
41 -35 0 0 1
14 -7 0 0 1
-20 -1 0 0 1
12 9 0 0 1
-11 -3 0 0 1
13 -26 0 0 1
9 49 0 0 1
-5 26 0 0 1
36 33 0 0 1
-21 -15 0 0 1
-1 19 0 0 1
-13 -8 0 0 1
-38 -6 0 0 1
45 -34 0 0 1
49 35 0 0 1
36 -49 0 0 1
-26 11 0 0 1
7 38 0 0 1
-5 45 0 0 1
-19 -22 0 0 1
-17 7 0 0 1
-37 30 0 0 1
-17 -31 0 0 1
-7 -3 0 0 1
19 -2 0 0 1
6 41 0 0 1
13 -36 0 0 1
-16 45 0 0 1
34 1 0 0 1
18 -20 0 0 1
40 -3 0 0 1
-38 -16 0 0 1
10 -14 0 0 1
43 0 0 0 1
-33 -9 0 0 1
-35 -21 0 0 1
-1 -45 0 0 1
-37 -27 0 0 1
-47 -49 0 0 1
16 47 0 0 1
49 -29 0 0 1
-46 -24 0 0 1
-31 -16 0 0 1
39 -35 0 0 1
-37 16 0 0 1
29 -16 0 0 1
11 22 0 0 1
14 -5 0 0 1
4 30 0 0 1
1 28 0 0 1
17 -10 0 0 1
37 3 0 0 1
20 -27 0 0 1
12 7 0 0 1
4 24 0 0 1
10 -25 0 0 1
-20 20 0 0 1
37 -31 0 0 1
-39 -40 0 0 1
-9 28 0 0 1
21 -6 0 0 1
-38 -37 0 0 1
37 -41 0 0 1
5 46 0 0 1
-15 19 0 0 1
39 -34 0 0 1
5 -20 0 0 1
-23 9 0 0 1
-28 -4 0 0 1
46 25 0 0 1
42 -49 0 0 1
10 8 0 0 1
34 -3 0 0 1
-40 -18 0 0 1
-19 13 0 0 1
18 -8 0 0 1
-46 33 0 0 1
39 27 0 0 1
-37 -41 0 0 1
-47 -35 0 0 1
-23 -24 0 0 1
-27 30 0 0 1
1 -3 0 0 1
40 -20 0 0 1
-4 -16 0 0 1
7 -8 0 0 1
23 14 0 0 1
36 16 0 0 1
41 3 0 0 1
16 -17 0 0 1
12 -7 0 0 1
-47 22 0 0 1
41 -7 0 0 1
28 28 0 0 1
18 13 0 0 1
13 -42 0 0 1
-9 16 0 0 1
-32 18 0 0 1
-35 10 0 0 1
0 -41 0 0 1
-50 13 0 0 1
20 26 0 0 1
-31 -19 0 0 1
-16 43 0 0 1
5 -40 0 0 1
-17 -2 0 0 1
-45 8 0 0 1
48 17 0 0 1
-44 -1 0 0 1
23 33 0 0 1
4 45 0 0 1
-9 8 0 0 1
-21 21 0 0 1
44 -3 0 0 1
12 2 0 0 1
20 2 0 0 1
-28 14 0 0 1
-4 24 0 0 1
-49 5 0 0 1
-1 -21 0 0 1
9 18 0 0 1
-43 -27 0 0 1
-27 -36 0 0 1
45 -27 0 0 1
-7 3 0 0 1
-37 -36 0 0 1
43 34 0 0 1
-26 8 0 0 1
45 16 0 0 1
-41 21 0 0 1
-45 -6 0 0 1
40 13 0 0 1
-7 -30 0 0 1
15 -11 0 0 1
35 -6 0 0 1
-22 25 0 0 1
20 -12 0 0 1
-39 -23 0 0 1
46 -42 0 0 1
45 31 0 0 1
-16 14 0 0 1
35 18 0 0 1
17 -26 0 0 1
-35 26 0 0 1
20 -43 0 0 1
18 -31 0 0 1
45 -45 0 0 1
-13 7 0 0 1
44 -8 0 0 1
-41 -20 0 0 1
39 34 0 0 1
-44 36 0 0 1
-8 44 0 0 1
1 -34 0 0 1
-1 -50 0 0 1
23 -47 0 0 1
-7 36 0 0 1
-21 -27 0 0 1
-48 9 0 0 1
46 41 0 0 1
2 45 0 0 1
-11 45 0 0 1
2 19 0 0 1
-28 -40 0 0 1
-15 -36 0 0 1
-36 -22 0 0 1
3 29 0 0 1
21 23 0 0 1
14 -29 0 0 1
-48 0 0 0 1
35 36 0 0 1
-45 -43 0 0 1
-4 0 0 0 1
-47 -7 0 0 1
-48 -6 0 0 1
34 20 0 0 1
29 -4 0 0 1
-27 -32 0 0 1
-10 -14 0 0 1
8 -23 0 0 1
-22 30 0 0 1
33 -33 0 0 1
-10 24 0 0 1
12 11 0 0 1
-19 38 0 0 1
35 -39 0 0 1
36 -50 0 0 1
19 22 0 0 1
32 -18 0 0 1
-9 34 0 0 1
-4 33 0 0 1
-36 1 0 0 1
18 18 0 0 1
-35 -8 0 0 1
38 -25 0 0 1
-31 -3 0 0 1
-17 23 0 0 1
38 -13 0 0 1
-46 -1 0 0 1
17 -29 0 0 1
6 -36 0 0 1
-6 -3 0 0 1
21 -17 0 0 1
23 4 0 0 1
-22 49 0 0 1
-24 -19 0 0 1
-2 -50 0 0 1
-23 -20 0 0 1
-37 -19 0 0 1
43 19 0 0 1
-29 4 0 0 1
-44 -26 0 0 1
-40 -1 0 0 1
-21 24 0 0 1
48 5 0 0 1
36 -32 0 0 1
20 -1 0 0 1
-17 47 0 0 1
-36 11 0 0 1
21 2 0 0 1
47 -38 0 0 1
3 -42 0 0 1
-1 -26 0 0 1
-22 -36 0 0 1
5 -44 0 0 1
46 43 0 0 1
42 -31 0 0 1
-46 -11 0 0 1
-26 19 0 0 1
40 -9 0 0 1
1 29 0 0 1
-48 27 0 0 1
3 27 0 0 1
-39 -39 0 0 1
44 3 0 0 1
26 41 0 0 1
-8 21 0 0 1
30 9 0 0 1
50 4 0 0 1
9 48 0 0 1
19 37 0 0 1
28 -39 0 0 1
-15 16 0 0 1
-49 -5 0 0 1
-3 3 0 0 1
-21 -16 0 0 1
11 16 0 0 1
-23 44 0 0 1
-29 -38 0 0 1
-16 -14 0 0 1
9 -30 0 0 1
18 -9 0 0 1
-16 -20 0 0 1
24 -4 0 0 1
40 18 0 0 1
12 -45 0 0 1
-9 40 0 0 1
31 1 0 0 1
-47 -38 0 0 1
-11 -23 0 0 1
-5 18 0 0 1
10 15 0 0 1
-29 -7 0 0 1
34 29 0 0 1
-15 31 0 0 1
-28 -18 0 0 1
38 27 0 0 1
43 6 0 0 1
-26 -19 0 0 1
-35 -27 0 0 1
-1 -47 0 0 1
-37 -21 0 0 1
33 24 0 0 1
-26 -7 0 0 1
34 36 0 0 1
9 26 0 0 1
16 -49 0 0 1
-11 18 0 0 1
-22 -3 0 0 1
-2 34 0 0 1
-6 -40 0 0 1
9 -16 0 0 1
13 -10 0 0 1
-14 -36 0 0 1
10 -47 0 0 1
-37 10 0 0 1
49 -36 0 0 1
-48 -21 0 0 1
50 -41 0 0 1
21 26 0 0 1
1 8 0 0 1
6 6 0 0 1
12 19 0 0 1
-46 -17 0 0 1
-28 -30 0 0 1
-15 -6 0 0 1
-14 -3 0 0 1
2 15 0 0 1
43 -40 0 0 1
-14 3 0 0 1
-33 9 0 0 1
47 -17 0 0 1
50 -8 0 0 1
44 43 0 0 1
16 -31 0 0 1
-20 -29 0 0 1
-1 46 0 0 1
-12 16 0 0 1
-14 36 0 0 1
13 44 0 0 1
-41 -38 0 0 1
-17 -19 0 0 1
-27 -46 0 0 1
-40 -39 0 0 1
36 -46 0 0 1
25 -17 0 0 1
44 18 0 0 1
12 39 0 0 1
46 17 0 0 1
-44 -13 0 0 1
14 10 0 0 1
41 2 0 0 1
11 1 0 0 1
21 -43 0 0 1
38 29 0 0 1
-40 0 0 0 1
33 -50 0 0 1
24 37 0 0 1
30 -7 0 0 1
-39 -33 0 0 1
-26 -43 0 0 1
27 -14 0 0 1
-28 28 0 0 1
30 15 0 0 1
-6 45 0 0 1
-18 30 0 0 1
-21 -26 0 0 1
