100 100
400
-27 -48 0 0 1
-28 -47 0 0 1
-24 -33 0 0 1
-46 -16 0 0 1
46 12 0 0 1
-18 -17 0 0 1
18 19 0 0 1
5 -43 0 0 1
36 34 0 0 1
-34 -46 0 0 1
-24 -27 0 0 1
-47 49 0 0 1
-37 -35 0 0 1
-50 16 0 0 1
38 40 0 0 1
-45 -35 0 0 1
-39 24 0 0 1
-16 -31 0 0 1
-40 -50 0 0 1
-2 16 0 0 1
-25 -49 0 0 1
-30 -14 0 0 1
10 -16 0 0 1
-37 42 0 0 1
18 -12 0 0 1
9 -39 0 0 1
-33 -36 0 0 1
17 -13 0 0 1
-45 -4 0 0 1
22 -50 0 0 1
-45 -30 0 0 1
-16 7 0 0 1
-26 14 0 0 1
39 0 0 0 1
45 -35 0 0 1
-21 -48 0 0 1
47 31 0 0 1
17 24 0 0 1
-48 -32 0 0 1
-33 -29 0 0 1
-45 -21 0 0 1
10 9 0 0 1
35 3 0 0 1
12 -28 0 0 1
-28 -32 0 0 1
-40 -24 0 0 1
-13 39 0 0 1
-26 -34 0 0 1
-42 41 0 0 1
-47 -38 0 0 1
-30 -40 0 0 1
40 17 0 0 1
-48 -25 0 0 1
-31 -33 0 0 1
-8 9 0 0 1
-32 -38 0 0 1
-36 -35 0 0 1
40 -11 0 0 1
-37 -4 0 0 1
-11 26 0 0 1
-40 -17 0 0 1
48 -41 0 0 1
11 -6 0 0 1
4 24 0 0 1
-26 -47 0 0 1
-50 -30 0 0 1
-27 -34 0 0 1
40 24 0 0 1
-22 -19 0 0 1
-42 -18 0 0 1
-46 26 0 0 1
-36 -44 0 0 1
-30 25 0 0 1
-37 -33 0 0 1
-13 15 0 0 1
15 -3 0 0 1
-38 7 0 0 1
-38 33 0 0 1
-20 -38 0 0 1
-37 44 0 0 1
-31 49 0 0 1
-34 43 0 0 1
-31 -23 0 0 1
-6 -45 0 0 1
-17 -37 0 0 1
-42 -37 0 0 1
-45 -28 0 0 1
-1 -10 0 0 1
0 38 0 0 1
38 -44 0 0 1
-20 -47 0 0 1
-30 -27 0 0 1
-18 17 0 0 1
7 -31 0 0 1
-24 -43 0 0 1
6 -32 0 0 1
-42 -46 0 0 1
35 5 0 0 1
14 -36 0 0 1
-14 -19 0 0 1
0 7 0 0 1
-11 31 0 0 1
-25 -43 0 0 1
-26 -36 0 0 1
-27 -45 0 0 1
-28 -42 0 0 1
47 -28 0 0 1
16 -18 0 0 1
-35 -38 0 0 1
-32 -36 0 0 1
-34 -17 0 0 1
-45 -40 0 0 1
-28 -23 0 0 1
12 -5 0 0 1
-25 -46 0 0 1
-28 -9 0 0 1
-19 -36 0 0 1
38 -40 0 0 1
-28 -35 0 0 1
43 7 0 0 1
5 -47 0 0 1
41 -29 0 0 1
-48 -10 0 0 1
-38 -48 0 0 1
-45 -31 0 0 1
-37 -9 0 0 1
-16 -27 0 0 1
-37 -19 0 0 1
37 -48 0 0 1
21 33 0 0 1
-46 -25 0 0 1
-29 -33 0 0 1
42 -17 0 0 1
-23 -47 0 0 1
1 -44 0 0 1
-44 -19 0 0 1
-29 15 0 0 1
-13 -47 0 0 1
-1 31 0 0 1
28 -18 0 0 1
-25 -22 0 0 1
18 -47 0 0 1
21 42 0 0 1
7 11 0 0 1
-24 -41 0 0 1
17 28 0 0 1
-33 -17 0 0 1
-43 -33 0 0 1
-44 -46 0 0 1
-35 -7 0 0 1
-25 -29 0 0 1
-38 23 0 0 1
-49 -4 0 0 1
49 2 0 0 1
-28 -20 0 0 1
-35 4 0 0 1
-25 -41 0 0 1
8 -28 0 0 1
30 6 0 0 1
-19 -31 0 0 1
-41 -16 0 0 1
-31 -7 0 0 1
-33 18 0 0 1
-18 30 0 0 1
-32 -34 0 0 1
41 -8 0 0 1
-36 -39 0 0 1
45 36 0 0 1
1 -14 0 0 1
38 -30 0 0 1
-26 -43 0 0 1
-50 -26 0 0 1
-16 -36 0 0 1
47 41 0 0 1
-30 -17 0 0 1
-17 -16 0 0 1
-41 -25 0 0 1
5 35 0 0 1
-32 -43 0 0 1
7 -17 0 0 1
34 40 0 0 1
-24 -21 0 0 1
7 45 0 0 1
-37 -45 0 0 1
-23 -16 0 0 1
-38 -34 0 0 1
4 -8 0 0 1
-40 -44 0 0 1
48 -20 0 0 1
-26 9 0 0 1
26 22 0 0 1
-39 -31 0 0 1
-45 32 0 0 1
38 -47 0 0 1
43 -28 0 0 1
-34 47 0 0 1
-22 -48 0 0 1
-31 -19 0 0 1
-46 -27 0 0 1
20 -2 0 0 1
-17 -25 0 0 1
8 50 0 0 1
7 42 0 0 1
-42 11 0 0 1
5 -30 0 0 1
-45 -24 0 0 1
21 -49 0 0 1
-39 -34 0 0 1
-14 -18 0 0 1
50 -5 0 0 1
-36 -29 0 0 1
-26 -19 0 0 1
-50 -50 0 0 1
12 -21 0 0 1
-50 -16 0 0 1
-29 -32 0 0 1
-9 28 0 0 1
-46 -36 0 0 1
-20 -21 0 0 1
46 -12 0 0 1
-23 -40 0 0 1
-31 32 0 0 1
-21 -20 0 0 1
-17 -20 0 0 1
-44 -10 0 0 1
-20 27 0 0 1
-18 -27 0 0 1
-32 -39 0 0 1
45 15 0 0 1
-43 -35 0 0 1
-34 -24 0 0 1
44 36 0 0 1
-5 11 0 0 1
15 -49 0 0 1
25 5 0 0 1
-50 -5 0 0 1
-27 -11 0 0 1
-21 -49 0 0 1
-46 -41 0 0 1
-42 -9 0 0 1
-22 -20 0 0 1
-20 -8 0 0 1
42 21 0 0 1
-8 -29 0 0 1
-23 -21 0 0 1
41 -1 0 0 1
-36 -37 0 0 1
44 35 0 0 1
-29 5 0 0 1
-39 -46 0 0 1
50 36 0 0 1
-16 -30 0 0 1
-40 4 0 0 1
1 -22 0 0 1
-47 -43 0 0 1
-6 -24 0 0 1
-48 -44 0 0 1
-23 18 0 0 1
-42 -32 0 0 1
-48 -22 0 0 1
1 -41 0 0 1
29 -18 0 0 1
-19 -47 0 0 1
-40 -30 0 0 1
-5 -2 0 0 1
-21 -45 0 0 1
-30 -28 0 0 1
-24 26 0 0 1
-19 -21 0 0 1
-24 -50 0 0 1
-22 -34 0 0 1
31 -45 0 0 1
-32 -18 0 0 1
-21 -23 0 0 1
43 -4 0 0 1
-43 -24 0 0 1
-42 -35 0 0 1
-34 -25 0 0 1
-43 -46 0 0 1
39 34 0 0 1
-40 -35 0 0 1
-49 -43 0 0 1
-26 -29 0 0 1
-39 -24 0 0 1
34 -24 0 0 1
-19 -28 0 0 1
7 7 0 0 1
-47 -39 0 0 1
-17 -18 0 0 1
-20 21 0 0 1
-18 -21 0 0 1
-24 -31 0 0 1
-34 -16 0 0 1
-39 -49 0 0 1
35 17 0 0 1
-50 -41 0 0 1
38 -17 0 0 1
28 16 0 0 1
-45 48 0 0 1
-35 0 0 0 1
-38 39 0 0 1
-30 -48 0 0 1
17 9 0 0 1
-23 -23 0 0 1
-44 -27 0 0 1
44 29 0 0 1
24 17 0 0 1
-28 -37 0 0 1
21 -2 0 0 1
-23 16 0 0 1
-42 18 0 0 1
5 47 0 0 1
22 -21 0 0 1
-47 -19 0 0 1
-22 23 0 0 1
-48 -20 0 0 1
29 -14 0 0 1
-42 -40 0 0 1
10 13 0 0 1
-12 -13 0 0 1
-25 -21 0 0 1
-49 -50 0 0 1
11 -21 0 0 1
-16 -41 0 0 1
19 23 0 0 1
20 -6 0 0 1
-30 -36 0 0 1
-17 -29 0 0 1
32 19 0 0 1
-31 -37 0 0 1
-44 -21 0 0 1
-26 34 0 0 1
9 25 0 0 1
39 -17 0 0 1
38 -22 0 0 1
-50 -46 0 0 1
-16 -24 0 0 1
-12 -32 0 0 1
-39 -18 0 0 1
-50 -12 0 0 1
-14 21 0 0 1
-23 2 0 0 1
-42 -16 0 0 1
30 43 0 0 1
-43 9 0 0 1
19 2 0 0 1
43 1 0 0 1
-29 -48 0 0 1
-35 -39 0 0 1
16 45 0 0 1
-5 15 0 0 1
38 -19 0 0 1
24 12 0 0 1
-15 15 0 0 1
-28 -16 0 0 1
-23 11 0 0 1
-21 -39 0 0 1
43 6 0 0 1
17 15 0 0 1
-32 -44 0 0 1
-48 41 0 0 1
-34 -41 0 0 1
-31 -49 0 0 1
-24 -16 0 0 1
-16 -26 0 0 1
2 -23 0 0 1
-25 -20 0 0 1
-15 0 0 0 1
-37 -20 0 0 1
-50 -24 0 0 1
22 -9 0 0 1
6 8 0 0 1
-31 -18 0 0 1
18 -15 0 0 1
46 -20 0 0 1
-17 -28 0 0 1
-39 -33 0 0 1
-37 -49 0 0 1
-40 -38 0 0 1
-45 -49 0 0 1
13 -25 0 0 1
-37 -27 0 0 1
38 16 0 0 1
-3 -16 0 0 1
-27 -29 0 0 1
39 21 0 0 1
35 -12 0 0 1
-30 -32 0 0 1
-22 -38 0 0 1
-23 31 0 0 1
-31 -39 0 0 1
-33 -18 0 0 1
-43 -34 0 0 1
13 39 0 0 1
-44 -45 0 0 1
-15 -17 0 0 1
2 0 0 0 1
45 -47 0 0 1
8 -27 0 0 1
-19 -32 0 0 1
