100 100
400
35 28 0 0 1
39 -39 0 0 1
-3 -15 0 0 1
15 0 0 0 1
18 -25 0 0 1
7 -30 0 0 1
-33 -4 0 0 1
36 -28 0 0 1
2 48 0 0 1
-21 46 0 0 1
-44 48 0 0 1
33 35 0 0 1
38 -33 0 0 1
-34 -50 0 0 1
38 5 0 0 1
-48 -3 0 0 1
-18 -15 0 0 1
-9 -26 0 0 1
18 -50 0 0 1
-27 -31 0 0 1
38 43 0 0 1
-5 -48 0 0 1
19 -45 0 0 1
41 6 0 0 1
13 7 0 0 1
27 45 0 0 1
-38 -42 0 0 1
-37 -37 0 0 1
-35 -7 0 0 1
4 -32 0 0 1
-3 -1 0 0 1
-33 -44 0 0 1
-32 -45 0 0 1
-14 30 0 0 1
6 -37 0 0 1
13 38 0 0 1
44 -20 0 0 1
7 -42 0 0 1
-10 -2 0 0 1
-44 8 0 0 1
43 9 0 0 1
23 -5 0 0 1
-6 -4 0 0 1
23 5 0 0 1
-22 48 0 0 1
-11 -27 0 0 1
25 -19 0 0 1
-10 -39 0 0 1
34 25 0 0 1
-30 -22 0 0 1
-39 15 0 0 1
-27 -17 0 0 1
-28 -20 0 0 1
-4 -39 0 0 1
-39 -11 0 0 1
3 19 0 0 1
-35 -31 0 0 1
20 -2 0 0 1
-39 -31 0 0 1
23 -48 0 0 1
32 -3 0 0 1
43 45 0 0 1
14 -19 0 0 1
-23 -18 0 0 1
-17 -3 0 0 1
-41 -44 0 0 1
3 28 0 0 1
-14 -40 0 0 1
10 -19 0 0 1
-11 -3 0 0 1
-26 -34 0 0 1
-14 -34 0 0 1
17 32 0 0 1
50 3 0 0 1
-23 -47 0 0 1
-35 -6 0 0 1
-29 7 0 0 1
-47 -8 0 0 1
16 -30 0 0 1
40 -41 0 0 1
-46 -5 0 0 1
-22 -16 0 0 1
38 7 0 0 1
-4 -29 0 0 1
-17 -18 0 0 1
-42 -36 0 0 1
-38 -6 0 0 1
36 -3 0 0 1
32 -43 0 0 1
-13 2 0 0 1
-9 41 0 0 1
27 -4 0 0 1
0 -34 0 0 1
-47 -31 0 0 1
-3 1 0 0 1
-29 -6 0 0 1
8 7 0 0 1
-9 -43 0 0 1
-20 -15 0 0 1
-33 -20 0 0 1
-8 -4 0 0 1
-10 0 0 0 1
-44 6 0 0 1
45 -25 0 0 1
-46 38 0 0 1
-37 -8 0 0 1
-1 -8 0 0 1
-20 34 0 0 1
29 46 0 0 1
-32 20 0 0 1
-45 -42 0 0 1
5 -32 0 0 1
10 45 0 0 1
-45 -32 0 0 1
-17 0 0 0 1
-14 39 0 0 1
-17 -30 0 0 1
-27 -25 0 0 1
-33 -9 0 0 1
29 17 0 0 1
-6 -11 0 0 1
35 -22 0 0 1
-2 -16 0 0 1
45 -6 0 0 1
-13 -50 0 0 1
39 17 0 0 1
-25 -40 0 0 1
-20 47 0 0 1
-25 -6 0 0 1
28 -49 0 0 1
-22 -35 0 0 1
27 -30 0 0 1
-44 -34 0 0 1
-7 -43 0 0 1
-45 -13 0 0 1
39 -1 0 0 1
-29 -48 0 0 1
47 22 0 0 1
29 22 0 0 1
-17 -43 0 0 1
-11 -9 0 0 1
-19 42 0 0 1
-26 -32 0 0 1
31 -11 0 0 1
47 -46 0 0 1
-13 -31 0 0 1
-50 -39 0 0 1
22 -32 0 0 1
-49 -40 0 0 1
30 32 0 0 1
-19 -39 0 0 1
5 -20 0 0 1
9 41 0 0 1
-23 9 0 0 1
-41 -7 0 0 1
-32 -44 0 0 1
-27 -3 0 0 1
-42 -2 0 0 1
-12 -11 0 0 1
36 -5 0 0 1
43 12 0 0 1
-47 -35 0 0 1
-48 -42 0 0 1
-2 48 0 0 1
-4 6 0 0 1
-9 -45 0 0 1
-30 -33 0 0 1
19 -40 0 0 1
34 4 0 0 1
-17 -33 0 0 1
-30 17 0 0 1
44 28 0 0 1
-4 39 0 0 1
-11 -31 0 0 1
-44 -45 0 0 1
-20 -44 0 0 1
-46 -21 0 0 1
-31 -19 0 0 1
2 5 0 0 1
-19 -43 0 0 1
9 29 0 0 1
-3 -18 0 0 1
32 50 0 0 1
-42 -46 0 0 1
31 -40 0 0 1
-16 -39 0 0 1
0 -12 0 0 1
5 29 0 0 1
26 3 0 0 1
-2 -34 0 0 1
-28 1 0 0 1
-4 -6 0 0 1
5 -47 0 0 1
-10 -22 0 0 1
-32 -37 0 0 1
20 -29 0 0 1
-17 -45 0 0 1
7 -50 0 0 1
-16 -48 0 0 1
28 16 0 0 1
-6 4 0 0 1
-36 -39 0 0 1
25 -7 0 0 1
-24 -28 0 0 1
-50 -37 0 0 1
-47 -42 0 0 1
-30 -4 0 0 1
-10 -47 0 0 1
-31 -31 0 0 1
39 6 0 0 1
-7 -30 0 0 1
-4 -47 0 0 1
-39 -3 0 0 1
24 17 0 0 1
17 45 0 0 1
-37 -43 0 0 1
-49 -49 0 0 1
-46 -40 0 0 1
25 -22 0 0 1
11 38 0 0 1
-30 -31 0 0 1
33 -21 0 0 1
-37 -12 0 0 1
37 -15 0 0 1
-41 -20 0 0 1
-2 -3 0 0 1
44 26 0 0 1
0 -5 0 0 1
-2 -45 0 0 1
-26 -4 0 0 1
-36 -17 0 0 1
27 11 0 0 1
14 -20 0 0 1
-29 -1 0 0 1
-26 43 0 0 1
-29 -23 0 0 1
-46 -13 0 0 1
-18 -5 0 0 1
-8 -29 0 0 1
-34 -18 0 0 1
-5 -42 0 0 1
-14 -41 0 0 1
-36 -44 0 0 1
-35 -5 0 0 1
38 -32 0 0 1
-4 0 0 0 1
29 -50 0 0 1
-34 -49 0 0 1
-29 -14 0 0 1
46 22 0 0 1
-44 -4 0 0 1
-33 -12 0 0 1
-27 -42 0 0 1
-47 44 0 0 1
-5 -23 0 0 1
36 -4 0 0 1
18 3 0 0 1
-35 -38 0 0 1
-28 39 0 0 1
-47 -40 0 0 1
11 49 0 0 1
-21 -47 0 0 1
-25 -15 0 0 1
-31 -29 0 0 1
5 -2 0 0 1
-30 -28 0 0 1
39 12 0 0 1
-8 -43 0 0 1
-4 -49 0 0 1
18 -28 0 0 1
-41 -1 0 0 1
19 -27 0 0 1
-5 -4 0 0 1
-1 -7 0 0 1
49 -17 0 0 1
-35 1 0 0 1
-50 10 0 0 1
-46 -32 0 0 1
28 7 0 0 1
41 -31 0 0 1
16 -47 0 0 1
-20 -13 0 0 1
-44 0 0 0 1
-39 10 0 0 1
-41 -22 0 0 1
-35 -32 0 0 1
-2 -43 0 0 1
25 -1 0 0 1
0 -19 0 0 1
-47 -14 0 0 1
33 12 0 0 1
-34 -38 0 0 1
-44 -31 0 0 1
11 23 0 0 1
33 -14 0 0 1
-14 -5 0 0 1
4 33 0 0 1
-33 -15 0 0 1
41 -14 0 0 1
8 -20 0 0 1
31 -36 0 0 1
-12 -3 0 0 1
0 -16 0 0 1
-9 31 0 0 1
49 -23 0 0 1
-47 -5 0 0 1
10 24 0 0 1
-46 -4 0 0 1
-31 -36 0 0 1
-33 -48 0 0 1
-50 20 0 0 1
-21 -16 0 0 1
-28 -47 0 0 1
-13 -9 0 0 1
-27 -40 0 0 1
34 -30 0 0 1
-48 -33 0 0 1
-12 -32 0 0 1
1 -44 0 0 1
-26 -14 0 0 1
-21 -49 0 0 1
-20 -20 0 0 1
-28 -18 0 0 1
-44 -11 0 0 1
1 43 0 0 1
-9 -10 0 0 1
-18 -31 0 0 1
-17 -32 0 0 1
46 -2 0 0 1
5 39 0 0 1
-10 39 0 0 1
-39 -19 0 0 1
-6 21 0 0 1
41 39 0 0 1
-26 -45 0 0 1
8 44 0 0 1
-29 24 0 0 1
-24 -17 0 0 1
-46 8 0 0 1
-3 -35 0 0 1
-42 -47 0 0 1
-41 -48 0 0 1
-16 -40 0 0 1
-20 42 0 0 1
30 -18 0 0 1
-26 -38 0 0 1
-36 -47 0 0 1
46 -47 0 0 1
50 -41 0 0 1
48 -41 0 0 1
-31 -13 0 0 1
-49 -8 0 0 1
-31 -39 0 0 1
-18 -17 0 0 1
-21 -11 0 0 1
-6 -49 0 0 1
-8 -33 0 0 1
-37 41 0 0 1
47 29 0 0 1
-1 41 0 0 1
-12 -43 0 0 1
-11 -44 0 0 1
-22 -43 0 0 1
32 39 0 0 1
-46 -10 0 0 1
-35 -13 0 0 1
-5 49 0 0 1
-33 -50 0 0 1
-19 -34 0 0 1
31 49 0 0 1
0 22 0 0 1
-39 -6 0 0 1
-32 -17 0 0 1
-27 -46 0 0 1
9 -38 0 0 1
-36 -37 0 0 1
-35 -42 0 0 1
-39 -26 0 0 1
26 -8 0 0 1
-46 -41 0 0 1
30 24 0 0 1
-26 -12 0 0 1
-20 -22 0 0 1
-5 42 0 0 1
-45 -28 0 0 1
-8 -47 0 0 1
13 21 0 0 1
-28 -26 0 0 1
-6 -37 0 0 1
-17 -34 0 0 1
-44 13 0 0 1
38 29 0 0 1
-8 5 0 0 1
-40 -22 0 0 1
19 11 0 0 1
-12 -39 0 0 1
-49 -23 0 0 1
-26 -5 0 0 1
-47 -21 0 0 1
-1 -23 0 0 1
